Capstone Competition									
Page last updated on: 2015-10-12 04:28:58 (GMT)									
Rank	Alias	Classification Accuracy	Precision 0	Precision 1	Recall 0	Recall 1	Precision	Recall	F1
1	tomtom	0.65710029	0.996045536	0.015426497	0.65697123	0.673267327	0.505736017	0.665119278	0.574579585
2	kozlod	0.718027131	0.995621716	0.016864805	0.718937717	0.603960396	0.506243261	0.661449057	0.573531438
3	NathanG	0.651219321	0.996009674	0.015168414	0.651043313	0.673267327	0.505589044	0.66215532	0.573376306
4	Roman	0.63616404	0.996037642	0.014753047	0.635788808	0.683168317	0.505395345	0.659478562	0.572246306
5	srscello	0.626048773	0.996098175	0.014559068	0.625513753	0.693069307	0.505328622	0.65929153	0.572133119
6	Andúril	0.663922214	0.995851114	0.015288395	0.664005691	0.653465347	0.505569754	0.658735519	0.572078066
7	ashic	0.596095036	0.996294826	0.014049269	0.595083781	0.722772277	0.505172047	0.658928029	0.571895885
8	pintowar	0.641652944	0.995949926	0.014766558	0.641400569	0.673267327	0.505358242	0.657333948	0.571413709
9	Dush	0.572492747	0.996414782	0.013633885	0.571134998	0.742574257	0.505024333	0.656854628	0.571019154
10	Saulus	0.77032855	0.995212387	0.018392371	0.772209927	0.534653465	0.506802379	0.653431696	0.570851598
11	ax-xl	0.674821611	0.995687143	0.015333014	0.675150174	0.633663366	0.505510078	0.65440677	0.570401608
12	HdeV	0.616796048	0.996039351	0.014210313	0.616187164	0.693069307	0.505124832	0.654628236	0.570240315
13	random-number-generator	0.624245276	0.995961636	0.014288673	0.623774897	0.683168317	0.505125154	0.653471607	0.569801258
14	ByakuyaFan	0.64314279	0.995837924	0.014616056	0.642981347	0.663366337	0.50522699	0.653173842	0.569752792
15	jmeriaux	0.623853211	0.995959086	0.014273893	0.623379703	0.683168317	0.50511649	0.65327401	0.569720616
16	Andaman	0.651689798	0.995772947	0.014755198	0.651675624	0.653465347	0.505264072	0.652570485	0.569546692
17	Zoldatoff	0.621814475	0.995945775	0.014197531	0.621324692	0.683168317	0.505071653	0.652246504	0.569301048
18	ruffbytes	0.696620403	0.995486855	0.015681234	0.697360101	0.603960396	0.505584045	0.650660249	0.569020651
19	dpol2000	0.649023759	0.995755518	0.014643887	0.648988302	0.653465347	0.505199703	0.651226824	0.568993516
20	bukkittu	0.639300557	0.995812808	0.014461472	0.639108441	0.663366337	0.50513714	0.651237389	0.568957866
21	hotapplepi	0.657962832	0.99569481	0.014803006	0.658077774	0.643564356	0.505248908	0.650821065	0.568869775
22	j10	0.565357171	0.99623063	0.013237925	0.564021499	0.732673267	0.504734277	0.648347383	0.567597524
23	mrTambourine	0.65145456	0.995651649	0.014528386	0.651517547	0.643564356	0.505090017	0.647540952	0.567512898
24	aikokendo	0.602446483	0.995944532	0.013701311	0.601723048	0.693069307	0.504822922	0.647396177	0.567288687
25	WitekW	0.630988787	0.995757425	0.014138004	0.630730319	0.663366337	0.504947714	0.647048328	0.567233848
26	herchu	0.580020387	0.996056568	0.013335803	0.578959848	0.712871287	0.504696185	0.645915568	0.566639654
27	shuai	0.665804125	0.995511458	0.014695591	0.666139741	0.623762376	0.505103524	0.644951058	0.566524507
28	Federer	0.654826315	0.995555022	0.014450214	0.654995258	0.633663366	0.505002618	0.644329312	0.566221091
29	86512	0.654591077	0.995553419	0.014440433	0.654758141	0.633663366	0.504996926	0.644210754	0.56617173
30	LePenseur1	0.517682114	0.996486941	0.012568482	0.5156497	0.772277228	0.504527711	0.643963464	0.565781296
31	kilari	0.792362581	0.99485556	0.01852552	0.794815049	0.485148515	0.50669054	0.639981782	0.565589155
32	GipsyDanger	0.603779503	0.99582409	0.013555992	0.603145748	0.683168317	0.504690041	0.643157032	0.565571767
33	vlemay	0.679761625	0.995374653	0.014859927	0.68036674	0.603960396	0.50511729	0.642163568	0.565455126
34	jindroush	0.543715204	0.996223675	0.012781186	0.542127727	0.742574257	0.50450243	0.642350992	0.565142206
35	CG	0.715439504	0.995170673	0.015650741	0.71664559	0.564356436	0.505410707	0.640501013	0.564993034
36	fonzee	0.590449306	0.995861701	0.013302927	0.589630098	0.693069307	0.504582314	0.641349702	0.56480439
37	FNakano	0.628479573	0.995616232	0.013839379	0.628280114	0.653465347	0.504727806	0.64087273	0.564710432
38	CanaryInTheDataMine	0.569983533	0.995986715	0.013026959	0.568842871	0.712871287	0.504506837	0.640857079	0.564566027
39	BayezBall	0.665019995	0.995388981	0.01443539	0.665428391	0.613861386	0.504912185	0.639644888	0.564348438
40	jk.ec	0.663765389	0.995380242	0.014381814	0.664163769	0.613861386	0.504881028	0.639012577	0.564082753
41	naGrubie	0.678271779	0.995249681	0.014556041	0.67894404	0.594059406	0.504902861	0.636501723	0.563115911
42	tranhothanhtinh	0.687210852	0.995198354	0.014727908	0.688033512	0.584158416	0.504963131	0.636095964	0.562994522
43	mulinsen	0.610444601	0.995614035	0.013397321	0.610022131	0.663366337	0.504505678	0.636694234	0.56294406
44	Unknown	0.638830079	0.99544335	0.013813943	0.638871325	0.633663366	0.504628647	0.636267346	0.562853637
45	diesel	0.723986513	0.99501301	0.015585152	0.725418906	0.544554455	0.505299081	0.634986681	0.56276803
46	sis	0.751901513	0.994888379	0.016419324	0.753793867	0.514851485	0.505653852	0.634322676	0.562726857
47	franco122	0.521994825	0.996215562	0.012363755	0.520154916	0.752475248	0.504289658	0.636315082	0.562661374
48	"""Edwin_Isensee_MAXENT"""	0.647455501	0.995383868	0.01393497	0.647644641	0.623762376	0.504659419	0.635703509	0.562652039
49	vtomecek	0.675919392	0.995233112	0.014450867	0.676572874	0.594059406	0.50484199	0.63531614	0.562613651
50	Eric Farng	0.684387987	0.99517851	0.014596734	0.685188113	0.584158416	0.504887622	0.634673264	0.56238974
51	vladster	0.712538226	0.995041869	0.015229807	0.71380019	0.554455446	0.505135838	0.634127818	0.562329334
52	LilyQZ	0.577903238	0.995771382	0.012910365	0.576983876	0.693069307	0.504340873	0.635026591	0.562188891
53	dingxm	0.587548028	0.995708155	0.013026241	0.586784698	0.683168317	0.504367198	0.634976507	0.562185617
54	ChenShuanWang	0.577746413	0.995770228	0.012905605	0.576825798	0.693069307	0.504337916	0.634947553	0.562156078
55	"""x"""	0.634438956	0.995411706	0.013648966	0.634445147	0.633663366	0.504530336	0.634054257	0.561925059
56	MojaPere	0.632635458	0.995398582	0.013582343	0.632627253	0.633663366	0.504490463	0.633145309	0.561543119
57	AdrianCuyugan	0.555006665	0.995877754	0.012591815	0.553746443	0.712871287	0.504234785	0.633308865	0.561448977
58	GoPackers	0.622049714	0.995445344	0.013404826	0.621877964	0.643564356	0.504425085	0.63272116	0.561335758
59	Coffee N tea	0.59538932	0.995502646	0.012901983	0.594846665	0.663366337	0.504202314	0.629106501	0.55977144
60	alraun	0.652630754	0.995181884	0.013704785	0.653019285	0.603960396	0.504443335	0.628489841	0.559675571
61	Digvijay	0.623069082	0.995327693	0.013239553	0.622984508	0.633663366	0.504283623	0.628323937	0.55951149
62	AVCarreiro	0.622990669	0.995327103	0.013236815	0.622905469	0.633663366	0.504281959	0.628284418	0.559494796
63	?r3D	0.708774406	0.994905869	0.014773033	0.710085362	0.544554455	0.504839451	0.627319909	0.559454525
64	Sumatakyo	0.621108759	0.995312896	0.013171434	0.621008536	0.633663366	0.504242165	0.627335951	0.559093948
65	Hydergine	0.611385556	0.995365602	0.013039117	0.611128675	0.643564356	0.50420236	0.627346516	0.559073674
66	Olive	0.562847957	0.995657655	0.012468828	0.56180841	0.693069307	0.504063242	0.627438858	0.559024795
67	robertowm	0.523406257	0.995926373	0.012081633	0.521735694	0.732673267	0.504004003	0.627204481	0.558895329
68	dancamma	0.629263703	0.99525	0.013254786	0.629307619	0.623762376	0.504252393	0.626534998	0.558781915
69	aldeguerp	0.638281189	0.995195269	0.013373598	0.63847613	0.613861386	0.504284434	0.626168758	0.558655873
70	esther	0.511173841	0.995981453	0.011936973	0.509326589	0.742574257	0.503959213	0.625950423	0.5583694
71	MrPotato	0.471732141	0.996308105	0.011627907	0.469253873	0.782178218	0.503968006	0.625716045	0.558281526
72	fatal_error	0.617266526	0.99528362	0.013039935	0.617135631	0.633663366	0.504161777	0.625399499	0.558274313
73	PESPARZA	0.701482004	0.994852859	0.014412998	0.702734745	0.544554455	0.504632928	0.6236446	0.557862038
74	Belethia	0.681957187	0.994933211	0.014008356	0.682895985	0.564356436	0.504470783	0.62362621	0.557755591
75	Wch	0.747902454	0.994653528	0.015556938	0.749920961	0.495049505	0.505105233	0.622485233	0.557685717
76	PhilF	0.604720458	0.99531433	0.012820513	0.60441037	0.643564356	0.504067422	0.623987363	0.557653237
77	MrXXX	0.487336313	0.996105161	0.011682597	0.485140689	0.762376238	0.503893879	0.623758463	0.557455627
78	MichaelLyubinin	0.632321807	0.995149857	0.013157895	0.632469175	0.613861386	0.504153876	0.62316528	0.557377544
79	Peter Lee	0.62220654	0.995195954	0.013008466	0.62219412	0.623762376	0.50410221	0.622978248	0.55727115
80	jgdm	0.649651062	0.995039923	0.013371963	0.650094847	0.594059406	0.504205943	0.622077126	0.556973629
81	isalnum	0.591311848	0.995339547	0.012588213	0.590815681	0.653465347	0.50396388	0.622140514	0.556851299
82	mdmaryland	0.786795264	0.994425087	0.01661743	0.789519444	0.445544554	0.505521258	0.617531999	0.555940782
83	jiacheng	0.654355838	0.994956772	0.013333333	0.654916219	0.584158416	0.504145053	0.619537317	0.555916301
84	amazing_rcw	0.625264644	0.995094957	0.012911287	0.625355675	0.613861386	0.504003122	0.619608531	0.55585866
85	musmar	0.614757312	0.995137556	0.012758202	0.614685425	0.623762376	0.503947879	0.619223901	0.555670249
86	inaoct	0.428918686	0.996486037	0.011162537	0.425861524	0.811881188	0.503824287	0.618871356	0.555453157
87	mdcscry	0.62275543	0.995075136	0.012825817	0.622826431	0.613861386	0.503950476	0.618343908	0.555317235
88	gilles76	0.736375755	0.994569847	0.014876525	0.738302245	0.495049505	0.504723186	0.616675875	0.555111241
89	jedi623	0.697639771	0.994713161	0.013978773	0.698940879	0.534653465	0.504345967	0.616797172	0.554932114
90	marta	0.551713322	0.995427918	0.011991658	0.550663927	0.683168317	0.503709788	0.616916122	0.554594867
91	aldredes	0.385399514	0.996903386	0.010873688	0.381678786	0.851485149	0.503888537	0.616581967	0.554568075
92	JoinToTheDarkSide	0.511565906	0.995678345	0.01163532	0.509879861	0.722772277	0.503656833	0.616326069	0.554324241
93	BerniePi	0.559633028	0.995353422	0.012033268	0.558725893	0.673267327	0.503693345	0.61599661	0.554213051
94	Mukesh	0.56559241	0.995264624	0.01202225	0.564811887	0.663366337	0.503643437	0.614089112	0.553409581
95	Murtuza	0.555006665	0.995314497	0.011908932	0.554062599	0.673267327	0.503611714	0.613664963	0.553218142
96	Tiago	0.65012154	0.994804253	0.012955104	0.650727158	0.574257426	0.503879679	0.612492292	0.552902486
97	SedletskijVV	0.572649573	0.995187019	0.012041598	0.572004426	0.653465347	0.503614308	0.612734886	0.552841454
98	divyansh	0.687916569	0.994638376	0.013544018	0.689140057	0.534653465	0.504091197	0.611896761	0.552786916
99	Elston	0.649494237	0.994799226	0.012931996	0.650094847	0.574257426	0.503865611	0.612176136	0.55276517
100	Bunty	0.649494237	0.994799226	0.012931996	0.650094847	0.574257426	0.503865611	0.612176136	0.55276517
101	"""pred"""	0.618207481	0.994912883	0.012474438	0.618321214	0.603960396	0.50369366	0.611140805	0.552239384
102	paul	0.778953972	0.994269629	0.015680684	0.781694594	0.435643564	0.504975157	0.608669079	0.551994531
103	cvc	0.740374814	0.994389753	0.014519056	0.742491306	0.475247525	0.504454405	0.608869415	0.551765538
104	FTG	0.596565514	0.994988791	0.012185687	0.596348403	0.623762376	0.503587239	0.61005539	0.551731949
105	Sergio	0.56747432	0.995142936	0.011898323	0.56678786	0.653465347	0.50352063	0.610126603	0.551721088
106	amobooc	0.566611778	0.995135511	0.011874775	0.565918432	0.653465347	0.503505143	0.609691889	0.551533993
107	goldenb	0.652160276	0.994701349	0.012811868	0.652861208	0.564356436	0.503756608	0.608608822	0.551241
108	BlueHawk	0.340076845	0.997183099	0.010479218	0.335757193	0.881188119	0.503831158	0.608472656	0.551229761
109	richard	0.735121148	0.99434968	0.014230655	0.7371957	0.475247525	0.504290168	0.606221613	0.550577858
110	armor	0.734180193	0.994342442	0.014180207	0.736247234	0.475247525	0.504261325	0.605747379	0.55036501
111	slv123	0.561201286	0.995088409	0.011729163	0.560464749	0.653465347	0.503408786	0.606965048	0.550357958
112	xlz110	0.771818396	0.994216721	0.015188126	0.774502055	0.435643564	0.504702423	0.60507281	0.550348763
113	geledek	0.570140359	0.995028998	0.011794593	0.569554221	0.643564356	0.503411795	0.606559289	0.550192892
114	HHA	0.70485376	0.994437027	0.013545817	0.706449573	0.504950495	0.503991422	0.605700034	0.550184684
115	gabrieljara	0.722731906	0.994360087	0.013869233	0.724628517	0.485148515	0.50411466	0.604888516	0.549922985
116	gio2015	0.539245668	0.995176849	0.011503976	0.538175782	0.673267327	0.503340412	0.605721555	0.549805414
117	dushshantha	0.422096762	0.996055597	0.01076861	0.419143218	0.792079208	0.503412103	0.605611213	0.549802714
118	FlatPanda	0.42178311	0.996052632	0.010762814	0.418827063	0.792079208	0.503407723	0.605453135	0.54973495
119	velik	0.421469458	0.996049661	0.010757026	0.418510907	0.792079208	0.503403344	0.605295058	0.549667169
120	fld00	0.528424684	0.995225306	0.011403074	0.527189377	0.683168317	0.50331419	0.605178847	0.549566106
121	Point01	0.814396613	0.994043616	0.016638225	0.817815365	0.386138614	0.505340921	0.60197699	0.549442221
122	label	0.814396613	0.994043616	0.016638225	0.817815365	0.386138614	0.505340921	0.60197699	0.549442221
123	reallylast	0.8143182	0.994043044	0.01663113	0.817736326	0.386138614	0.505337087	0.60193747	0.549423493
124	eddington	0.813926135	0.994040181	0.016595745	0.817341132	0.386138614	0.505317963	0.601739873	0.549329867
125	kamal	0.623382733	0.99470566	0.012240664	0.623695858	0.584158416	0.503473162	0.603927137	0.549143983
126	jacaranda	0.613502705	0.994746957	0.012126112	0.61365792	0.594059406	0.503436534	0.603858663	0.549093888
127	da_bergueiro	0.602760135	0.994782155	0.011991351	0.602750553	0.603960396	0.503386753	0.603355475	0.548856176
128	pepe2	0.717635066	0.994320044	0.013618677	0.71949099	0.485148515	0.50396936	0.602319752	0.548772824
129	obernal	0.648710107	0.994553377	0.012469383	0.649462536	0.554455446	0.50351138	0.601958991	0.548351562
130	Morfius	0.551399671	0.995000714	0.01147427	0.550584888	0.653465347	0.503237492	0.602025117	0.548216519
131	bpt	0.490551243	0.995332368	0.011009174	0.488776478	0.712871287	0.503170771	0.600823883	0.547678406
132	vishvam	0.53689328	0.995010273	0.01128136	0.535883655	0.663366337	0.503145817	0.599624996	0.547165022
133	blach	0.53634439	0.995005142	0.011268079	0.535330383	0.663366337	0.503136611	0.59934836	0.547044378
134	UniqueMindz	0.53634439	0.995005142	0.011268079	0.535330383	0.663366337	0.503136611	0.59934836	0.547044378
135	Shengda	0.53634439	0.995005142	0.011268079	0.535330383	0.663366337	0.503136611	0.59934836	0.547044378
136	chickenguy	0.53634439	0.995005142	0.011268079	0.535330383	0.663366337	0.503136611	0.59934836	0.547044378
137	pegsta	0.53634439	0.995005142	0.011268079	0.535330383	0.663366337	0.503136611	0.59934836	0.547044378
138	jbarendse	0.53634439	0.995005142	0.011268079	0.535330383	0.663366337	0.503136611	0.59934836	0.547044378
139	dzjuck	0.53634439	0.995005142	0.011268079	0.535330383	0.663366337	0.503136611	0.59934836	0.547044378
140	anmolbhuinya	0.53634439	0.995005142	0.011268079	0.535330383	0.663366337	0.503136611	0.59934836	0.547044378
141	derzse	0.53634439	0.995005142	0.011268079	0.535330383	0.663366337	0.503136611	0.59934836	0.547044378
142	walter	0.53634439	0.995005142	0.011268079	0.535330383	0.663366337	0.503136611	0.59934836	0.547044378
143	ankithg	0.53634439	0.995005142	0.011268079	0.535330383	0.663366337	0.503136611	0.59934836	0.547044378
144	fsp	0.53634439	0.995005142	0.011268079	0.535330383	0.663366337	0.503136611	0.59934836	0.547044378
145	Dar101	0.53634439	0.995005142	0.011268079	0.535330383	0.663366337	0.503136611	0.59934836	0.547044378
146	xhou	0.53634439	0.995005142	0.011268079	0.535330383	0.663366337	0.503136611	0.59934836	0.547044378
147	IoFirstRF	0.652317102	0.994464501	0.012379023	0.653177363	0.544554455	0.503421762	0.598865909	0.547011709
148	Big_T	0.572492747	0.99477735	0.011502647	0.572083465	0.623762376	0.503139999	0.597922921	0.546451855
149	CAF	0.686505136	0.994288325	0.012753188	0.687954474	0.504950495	0.503520757	0.596452484	0.546060931
150	CoffeeMan	0.686113071	0.994285061	0.012737263	0.687559279	0.504950495	0.503511162	0.596254887	0.545972466
151	SFBG	0.333098095	0.996646707	0.010142224	0.328880809	0.861386139	0.503394465	0.595133474	0.545433368
152	pachoz	0.548263154	0.994829815	0.011226252	0.547502371	0.643564356	0.503028033	0.595533364	0.545385952
153	htan	0.362032463	0.996263736	0.010240156	0.358283275	0.831683168	0.503251946	0.594983222	0.545286607
154	leonkyr	0.892887948	0.993614416	0.021196064	0.897802719	0.277227723	0.50740524	0.587515221	0.544529602
155	dalebrown07	0.57257116	0.994642121	0.01132627	0.572241543	0.613861386	0.502984195	0.593051464	0.544317169
156	AJOM	0.782090489	0.993896948	0.014503263	0.785172305	0.396039604	0.504200106	0.590605954	0.543993307
157	CamFalc60	0.549517761	0.9946999	0.011088011	0.548846032	0.633663366	0.502893955	0.591254699	0.54350643
158	jinwoomom	0.60746491	0.994438696	0.011551484	0.607730003	0.574257426	0.50299509	0.590993714	0.543455171
159	ALEJOXPS	0.813377245	0.993751202	0.015312633	0.817024976	0.356435644	0.504531917	0.58673031	0.542535352
160	Boyke	0.592488042	0.994428969	0.011315689	0.592554537	0.584158416	0.502872329	0.588356476	0.542266095
161	AlexeyS	0.75503803	0.993883475	0.013517863	0.757745811	0.415841584	0.503700669	0.586793698	0.54208144
162	PRIP	0.610287775	0.994337194	0.011438892	0.610654442	0.564356436	0.502888043	0.587505439	0.541913475
163	hhh	0.355681016	0.995974055	0.010021734	0.351960164	0.821782178	0.502997894	0.586871171	0.541707206
164	gabef	0.355681016	0.995974055	0.010021734	0.351960164	0.821782178	0.502997894	0.586871171	0.541707206
165	JWar	0.863483102	0.993576405	0.017647059	0.868005058	0.297029703	0.505611732	0.582517381	0.541346828
166	hai	0.862698973	0.993570588	0.01754386	0.86721467	0.297029703	0.505557224	0.582122186	0.541144888
167	Jayman	0.635615149	0.994196814	0.011602922	0.636421119	0.534653465	0.502899868	0.585537292	0.541081539
168	rxcore	0.857210068	0.993529573	0.016853933	0.861681948	0.297029703	0.505191753	0.579355825	0.539738027
169	Nickname	0.857053242	0.993528393	0.016835017	0.86152387	0.297029703	0.505181705	0.579276786	0.539697991
170	Fidel Rebon	0.808672469	0.99361949	0.01452885	0.812361682	0.346534653	0.50407417	0.579448168	0.539139516
171	yfliu	0.741786246	0.993774401	0.012820513	0.744388239	0.415841584	0.503297457	0.580114912	0.538982881
172	curlygreen	0.586920725	0.994243641	0.010978611	0.587021815	0.574257426	0.502611126	0.58063962	0.538815107
173	gezhenhao	0.40327766	0.995090338	0.009920376	0.400490041	0.752475248	0.502505357	0.576482644	0.536957995
174	Blasillo	0.60503411	0.9940314	0.010899723	0.605516914	0.544554455	0.502465561	0.575035685	0.53630681
175	udaniel	0.600250921	0.993854603	0.010577865	0.600774581	0.534653465	0.502216234	0.567714023	0.532960343
176	zander	0.746961499	0.993403832	0.011867583	0.749920961	0.376237624	0.502635707	0.563079292	0.531143427
177	JohnnyBigu	0.746961499	0.993403832	0.011867583	0.749920961	0.376237624	0.502635707	0.563079292	0.531143427
178	kka222	0.832196346	0.993243243	0.01382928	0.836547581	0.287128713	0.503536262	0.561838147	0.531091939
179	dfa126	0.755900572	0.993175473	0.011356262	0.759168511	0.346534653	0.502265868	0.552851582	0.526346104
180	vneit	0.603622677	0.99324763	0.009699129	0.604568448	0.485148515	0.50147338	0.544858481	0.522266471
181	FAIL	0.889280954	0.992809541	0.014084507	0.89487828	0.188118812	0.503447024	0.541498546	0.521779965
182	ShaneKao	0.792205756	0.992903607	0.011123897	0.796237749	0.287128713	0.502013752	0.541683231	0.521094601
183	palashgoyal1	0.497922058	0.992745624	0.008577667	0.497549794	0.544554455	0.500661645	0.521052125	0.510653417
184	Billy	0.991766643	0.99207781	0	0.999683844	0	0.496038905	0.499841922	0.497933152
185	Zyrix	0.574217831	0.99182784	0.007577158	0.575561176	0.405940594	0.499702499	0.490750885	0.49518624
186	adsarXYZ0	0.962832275	0.99192115	0.002666667	0.970439456	0.00990099	0.497293909	0.490170223	0.49370637
